epoch:0 0.0  0.0  0.0  0.0  0.0  0.0  0.0  0.0  0.0  0.0  0.0  0.0  15.1202  0.001
epoch:1 0.0008  0.0031  0.0001  0.0  0.0013  0.0011  0.0021  0.0052  0.0071  0.0001  0.0111  0.0066  12.7388  0.000994
epoch:0 0.0022  0.0065  0.0006  0.0  0.0006  0.0033  0.0044  0.0102  0.0116  0.0  0.0029  0.0182  14.7802  0.001
epoch:1 0.005  0.0135  0.0025  0.0003  0.0033  0.0072  0.0102  0.02  0.0228  0.0006  0.019  0.0278  11.3831  0.000994
epoch:2 0.0114  0.0287  0.0059  0.0005  0.0079  0.0162  0.0212  0.0377  0.0419  0.0044  0.0374  0.0464  10.4732  0.000976
epoch:3 0.0205  0.0498  0.0111  0.0008  0.0153  0.0264  0.0424  0.0645  0.0697  0.0078  0.0537  0.0736  10.1278  0.000946
epoch:4 0.0312  0.0723  0.0182  0.0023  0.0194  0.039  0.0558  0.0843  0.0902  0.0101  0.0647  0.0974  9.6925  0.000905
epoch:5 0.039  0.0895  0.0257  0.0039  0.0246  0.0477  0.072  0.1035  0.109  0.011  0.0724  0.1157  9.3243  0.000855
epoch:6 0.0427  0.0982  0.027  0.0061  0.0314  0.0496  0.0757  0.1123  0.1185  0.0142  0.0868  0.122  9.1351  0.000796
epoch:7 0.056  0.1217  0.0414  0.0072  0.0403  0.0638  0.087  0.1259  0.1328  0.0183  0.1025  0.1374  8.9752  0.00073
epoch:8 0.0595  0.1292  0.0427  0.0093  0.0488  0.0676  0.0958  0.1408  0.1473  0.0208  0.1214  0.15  8.7662  0.000658
epoch:9 0.0729  0.1525  0.0593  0.0148  0.0594  0.0821  0.1171  0.1654  0.1726  0.0305  0.1443  0.1765  8.5051  0.000582
epoch:10 0.0825  0.1722  0.0646  0.0145  0.0686  0.0924  0.1217  0.1725  0.1794  0.0332  0.1523  0.1847  8.5488  0.000505
epoch:11 0.0867  0.1807  0.0684  0.0142  0.0736  0.0959  0.1313  0.1863  0.1935  0.0359  0.1637  0.1993  8.4486  0.000428
epoch:12 0.0861  0.1791  0.0687  0.0146  0.0715  0.0961  0.122  0.1712  0.177  0.0336  0.1525  0.1809  8.356  0.000352
epoch:13 0.099  0.2025  0.0802  0.0166  0.0842  0.1104  0.1425  0.1999  0.2076  0.0428  0.1791  0.2119  8.1243  0.00028
epoch:14 0.0996  0.2075  0.0775  0.0173  0.0877  0.1113  0.1442  0.206  0.2136  0.0462  0.189  0.2162  7.9563  0.000214
epoch:15 0.1027  0.2148  0.0775  0.0187  0.0954  0.1124  0.1468  0.2102  0.2176  0.0454  0.1974  0.2167  8.1147  0.000155
epoch:16 0.1084  0.2184  0.0906  0.0216  0.0997  0.1194  0.1549  0.222  0.2301  0.0486  0.2054  0.2326  7.8564  0.000105
epoch:17 0.1074  0.2199  0.0871  0.0209  0.1  0.1188  0.1546  0.2206  0.2288  0.0533  0.2064  0.2285  8.0515  6.4e-05
epoch:18 0.1094  0.2211  0.0919  0.0205  0.101  0.1208  0.1556  0.2221  0.2301  0.0528  0.207  0.2303  7.8823  3.4e-05
epoch:19 0.1061  0.2141  0.0897  0.0194  0.1015  0.117  0.1604  0.2318  0.2405  0.0534  0.2171  0.2427  8.0569  1.6e-05
