epoch:0 0.1486  0.4059  0.0702  0.0032  0.0761  0.2042  0.174  0.3401  0.3632  0.0263  0.2309  0.4429  13.7154  0.001
epoch:1 0.2758  0.5778  0.2184  0.0164  0.1561  0.3543  0.2793  0.4444  0.4686  0.0747  0.3564  0.5442  8.5024  0.000994
epoch:2 0.3029  0.6123  0.2508  0.0315  0.1974  0.3793  0.2917  0.4662  0.4913  0.1209  0.4038  0.552  7.7396  0.000976
epoch:3 0.3326  0.6347  0.3069  0.053  0.223  0.4183  0.3165  0.4919  0.5149  0.1376  0.4275  0.5746  7.0246  0.000946
epoch:4 0.3562  0.6602  0.3493  0.0622  0.2414  0.4446  0.326  0.5131  0.5374  0.1621  0.4486  0.6008  6.6711  0.000905
epoch:5 0.3587  0.6532  0.3555  0.0731  0.2676  0.44  0.3332  0.518  0.5401  0.1755  0.4667  0.5947  6.3196  0.000855
epoch:6 0.3901  0.6807  0.4105  0.076  0.3021  0.4742  0.3457  0.5332  0.554  0.1986  0.4878  0.6043  6.2018  0.000796
epoch:7 0.3801  0.659  0.3993  0.0828  0.315  0.4563  0.3404  0.5295  0.5478  0.2212  0.4923  0.5915  6.0383  0.00073
epoch:8 0.4179  0.7044  0.4477  0.0961  0.3218  0.5102  0.3666  0.5639  0.5834  0.2403  0.5035  0.6413  5.805  0.000658
epoch:9 0.4378  0.7161  0.473  0.1233  0.3486  0.5184  0.3785  0.5755  0.5942  0.2595  0.5122  0.6491  5.5831  0.000582
epoch:10 0.434  0.7086  0.4662  0.1125  0.3421  0.5227  0.3783  0.5782  0.5972  0.257  0.5198  0.65  5.425  0.000505
epoch:11 0.4477  0.7239  0.4922  0.1265  0.3606  0.5336  0.3831  0.5843  0.6017  0.2721  0.5271  0.6555  5.3537  0.000428
epoch:12 0.4602  0.7343  0.5054  0.1269  0.3714  0.5409  0.388  0.5897  0.6071  0.2626  0.5307  0.6616  5.2342  0.000352
epoch:13 0.4643  0.7332  0.5071  0.1286  0.377  0.5493  0.394  0.5987  0.6167  0.2663  0.5349  0.6728  5.2561  0.00028
epoch:14 0.4569  0.7218  0.4996  0.137  0.3857  0.5333  0.3855  0.5894  0.6068  0.2798  0.5436  0.6534  5.2564  0.000214
epoch:15 0.4776  0.7373  0.5273  0.1346  0.3849  0.562  0.4013  0.6075  0.6247  0.2849  0.5378  0.6815  5.1816  0.000155
epoch:16 0.4955  0.7562  0.5483  0.1451  0.3948  0.5746  0.4082  0.6157  0.6322  0.2813  0.5445  0.6912  4.9835  0.000105
epoch:17 0.4926  0.751  0.5463  0.1431  0.4011  0.5707  0.4068  0.6139  0.6308  0.2869  0.5498  0.6885  5.095  6.4e-05
epoch:18 0.5005  0.7562  0.554  0.1502  0.4054  0.5791  0.4125  0.6214  0.6384  0.2915  0.5547  0.6966  5.0192  3.4e-05
epoch:19 0.4975  0.7513  0.5498  0.1472  0.4016  0.5766  0.4104  0.6188  0.6359  0.2846  0.5518  0.6939  4.9853  1.6e-05
epoch:20 0.4679  0.7316  0.5123  0.1392  0.3949  0.5501  0.3952  0.6014  0.619  0.2859  0.5522  0.6686  5.0137  0.000185
epoch:21 0.4886  0.7501  0.5367  0.1443  0.3968  0.5635  0.404  0.6103  0.6276  0.2944  0.5506  0.6822  5.0752  0.000146
epoch:22 0.4635  0.7213  0.5092  0.1314  0.3933  0.5447  0.3951  0.5992  0.6161  0.2747  0.5519  0.663  4.9527  0.000111
epoch:23 0.4983  0.7565  0.5542  0.1516  0.4013  0.5763  0.4115  0.6193  0.6364  0.2943  0.5515  0.6934  5.0158  8.1e-05
epoch:24 0.498  0.7523  0.5493  0.148  0.408  0.5746  0.4098  0.6186  0.6356  0.2966  0.5577  0.6904  5.0414  5.6e-05
epoch:25 0.4858  0.7386  0.536  0.1433  0.4072  0.5679  0.407  0.6158  0.6328  0.3029  0.5579  0.6849  4.8142  3.6e-05
epoch:26 0.504  0.7571  0.5576  0.1526  0.4084  0.5827  0.4151  0.6244  0.6411  0.2953  0.5544  0.6991  4.9004  2.2e-05
epoch:27 0.503  0.7545  0.5542  0.1493  0.4089  0.5822  0.4141  0.6235  0.6409  0.3023  0.5574  0.6978  4.9913  1.3e-05
epoch:28 0.4993  0.7503  0.5515  0.1469  0.4103  0.5767  0.4117  0.6205  0.6383  0.2953  0.5586  0.6941  4.9383  1e-05
