epoch:0 0.2789  0.5882  0.2017  0.058  0.2115  0.3403  0.2882  0.4783  0.4996  0.1428  0.4103  0.5594  10.3219  0.001
epoch:1 0.4696  0.7836  0.5205  0.1404  0.3856  0.5419  0.3917  0.5786  0.5917  0.2117  0.5137  0.6531  6.5546  0.000997
epoch:2 0.4928  0.7935  0.5564  0.154  0.4045  0.5676  0.409  0.6047  0.6189  0.2639  0.5374  0.6743  6.0369  0.000989
epoch:3 0.5025  0.7964  0.5824  0.1684  0.4113  0.5825  0.414  0.6091  0.623  0.2659  0.5426  0.6846  5.7629  0.000976
epoch:4 0.5084  0.8018  0.5824  0.1631  0.42  0.5813  0.41  0.6088  0.6227  0.2731  0.5527  0.6795  5.5657  0.000957
epoch:5 0.5155  0.8019  0.5911  0.1805  0.4074  0.5954  0.4257  0.623  0.6378  0.2767  0.5355  0.7033  5.2452  0.000934
epoch:6 0.5412  0.8036  0.6149  0.1827  0.4346  0.6247  0.4394  0.6405  0.6535  0.2934  0.5556  0.7216  5.3063  0.000905
epoch:7 0.5376  0.8006  0.6131  0.1836  0.4322  0.6225  0.4386  0.6409  0.6559  0.3026  0.5551  0.7213  5.318  0.000873
epoch:8 0.5432  0.8071  0.6107  0.1713  0.4263  0.6279  0.4417  0.6413  0.6555  0.275  0.5557  0.7234  5.2526  0.000836
epoch:9 0.5411  0.7956  0.6063  0.1854  0.4227  0.6304  0.445  0.645  0.6608  0.3304  0.5521  0.7266  5.0428  0.000796
epoch:10 0.5356  0.8027  0.6098  0.1675  0.4287  0.6199  0.4343  0.6347  0.6486  0.3043  0.5582  0.7121  5.0287  0.000752
epoch:11 0.5442  0.7976  0.6091  0.1956  0.4437  0.6277  0.4403  0.6441  0.6594  0.3348  0.5732  0.7184  5.0597  0.000706
epoch:12 0.5575  0.8089  0.6269  0.2034  0.4409  0.6433  0.4507  0.6556  0.6704  0.338  0.5692  0.7362  5.2782  0.000658
epoch:13 0.5541  0.8067  0.6219  0.1888  0.4341  0.6431  0.4489  0.6515  0.6663  0.3334  0.5618  0.7348  4.8844  0.000608
epoch:14 0.5629  0.8053  0.6319  0.1939  0.4458  0.6495  0.4575  0.6609  0.6746  0.3227  0.568  0.7436  5.0159  0.000557
epoch:15 0.5663  0.8074  0.636  0.193  0.44  0.656  0.4587  0.6634  0.6784  0.3219  0.5709  0.7475  4.6536  0.000505
epoch:16 0.554  0.8085  0.6328  0.1943  0.4459  0.6393  0.4477  0.652  0.6666  0.3372  0.5743  0.7291  4.6818  0.000453
epoch:17 0.5715  0.8104  0.6364  0.1946  0.4512  0.66  0.4635  0.6665  0.6805  0.3229  0.5733  0.752  4.5485  0.000402
epoch:18 0.5723  0.8037  0.6324  0.1937  0.4508  0.6713  0.4648  0.6705  0.6869  0.345  0.5806  0.757  4.7393  0.000352
epoch:19 0.5762  0.8108  0.6388  0.2032  0.4527  0.6678  0.4649  0.6708  0.6856  0.3425  0.5783  0.7565  4.6629  0.000304
epoch:20 0.5796  0.8107  0.6466  0.2011  0.4546  0.6756  0.4685  0.6754  0.6895  0.3266  0.5815  0.7626  4.558  0.000258
epoch:21 0.5771  0.8052  0.6418  0.2053  0.4623  0.6684  0.4654  0.6729  0.6865  0.3436  0.5903  0.7538  4.6123  0.000214
epoch:22 0.5867  0.8115  0.6487  0.2124  0.4593  0.6792  0.4725  0.6799  0.694  0.3401  0.5865  0.7661  4.5707  0.000174
epoch:23 0.5885  0.8126  0.6499  0.2113  0.4612  0.6817  0.4725  0.6831  0.6965  0.3486  0.5875  0.769  4.5785  0.000137
epoch:24 0.5883  0.8103  0.6472  0.2095  0.4657  0.6789  0.4721  0.6803  0.6942  0.3573  0.5911  0.7631  4.4037  0.000105
epoch:25 0.5914  0.8125  0.6502  0.2151  0.4647  0.684  0.4745  0.6859  0.7  0.3647  0.5922  0.7707  4.4888  7.6e-05
epoch:26 0.5905  0.8109  0.6499  0.2154  0.4576  0.6841  0.4754  0.6815  0.6955  0.345  0.5795  0.7715  4.2981  5.3e-05
