epoch:0 0.2976  0.6171  0.2511  0.1175  0.3131  0.3377  0.2532  0.4218  0.441  0.2613  0.4846  0.4402  12.2521  0.001
epoch:1 0.3726  0.6547  0.3765  0.1631  0.3935  0.414  0.3045  0.4918  0.5102  0.3098  0.5543  0.5132  7.8467  0.000997
epoch:2 0.4313  0.7057  0.4571  0.2003  0.4126  0.4845  0.3478  0.5518  0.57  0.3499  0.5693  0.5901  6.953  0.000989
epoch:3 0.4336  0.7043  0.4724  0.2072  0.4187  0.4838  0.3478  0.5519  0.5707  0.3671  0.5723  0.5865  6.843  0.000976
epoch:4 0.4543  0.7254  0.4991  0.2083  0.4297  0.5079  0.3642  0.5734  0.5921  0.3655  0.5856  0.6124  6.8888  0.000957
epoch:5 0.4607  0.7195  0.5091  0.2122  0.4154  0.5253  0.372  0.5851  0.6038  0.373  0.5753  0.6303  6.8201  0.000934
epoch:0 0.3418  0.6608  0.3161  0.0504  0.2138  0.4263  0.3213  0.4838  0.5066  0.1327  0.4027  0.5794  11.579  0.001
epoch:0 0.3449  0.6823  0.2946  0.0628  0.2351  0.4354  0.3173  0.4848  0.5044  0.1339  0.418  0.5762  11.4445  0.001
epoch:1 0.4748  0.7599  0.5242  0.1182  0.3486  0.5674  0.4006  0.5914  0.608  0.2194  0.4979  0.6809  7.3401  0.000997
epoch:2 0.5135  0.777  0.5758  0.1488  0.3919  0.6035  0.4221  0.6229  0.6386  0.2618  0.5355  0.7077  6.4425  0.000989
epoch:3 0.5134  0.7849  0.5797  0.1595  0.4102  0.5941  0.4157  0.6175  0.6331  0.278  0.5484  0.6961  6.1219  0.000976
epoch:4 0.5427  0.792  0.6061  0.181  0.4281  0.6264  0.4382  0.6477  0.6643  0.3094  0.5658  0.7288  6.0106  0.000957
epoch:5 0.549  0.7968  0.6102  0.1839  0.4349  0.6328  0.4437  0.6531  0.6685  0.3156  0.5728  0.7335  5.8611  0.000934
epoch:0 0.3699  0.6843  0.3572  0.0772  0.2537  0.4555  0.3388  0.5078  0.5255  0.1296  0.4186  0.6023  11.4857  0.001
epoch:1 0.4522  0.748  0.4977  0.118  0.3408  0.5385  0.3794  0.5647  0.5808  0.214  0.4914  0.6474  6.7682  0.000997
epoch:0 0.3525  0.6757  0.3205  0.0584  0.219  0.4441  0.3309  0.4937  0.5128  0.1086  0.4088  0.5907  11.379  0.001
epoch:1 0.4782  0.7582  0.5281  0.1149  0.3458  0.5741  0.4021  0.5922  0.6077  0.2135  0.4981  0.6832  7.2706  0.000997
epoch:2 0.5136  0.774  0.5761  0.1483  0.3932  0.6049  0.4248  0.6252  0.6415  0.2599  0.5341  0.7142  6.677  0.000989
epoch:3 0.5284  0.7825  0.5937  0.1597  0.4117  0.6143  0.4315  0.6366  0.653  0.2884  0.5551  0.7195  6.1245  0.000976
epoch:4 0.5312  0.7817  0.6003  0.1682  0.4289  0.6163  0.431  0.6394  0.6568  0.299  0.5729  0.7191  6.1954  0.000957
epoch:5 0.5442  0.7921  0.6153  0.1848  0.4369  0.6266  0.4408  0.6511  0.6682  0.3197  0.5808  0.7297  6.083  0.000934
epoch:6 0.5536  0.7967  0.6224  0.1981  0.4503  0.6345  0.4449  0.6584  0.6757  0.3306  0.5856  0.7383  5.7876  0.000905
epoch:7 0.5595  0.7991  0.6272  0.1984  0.4445  0.6442  0.4491  0.6634  0.6796  0.3335  0.5844  0.7442  5.7838  0.000873
epoch:8 0.5638  0.7998  0.6253  0.2015  0.4537  0.6483  0.4524  0.6676  0.6838  0.3388  0.5901  0.7484  5.7903  0.000836
epoch:9 0.5638  0.7978  0.6282  0.2071  0.4586  0.6447  0.4525  0.6676  0.6838  0.3352  0.5963  0.7447  5.7046  0.000796
epoch:10 0.564  0.8025  0.6316  0.2087  0.4569  0.6453  0.452  0.667  0.6839  0.3391  0.5949  0.7463  5.6502  0.000752
epoch:11 0.573  0.8031  0.6347  0.2031  0.4656  0.656  0.4589  0.6748  0.6915  0.3387  0.6004  0.7548  5.5218  0.000706
epoch:12 0.5689  0.7996  0.6334  0.2076  0.4659  0.6503  0.4557  0.6712  0.6884  0.3531  0.602  0.7486  5.3889  0.000658
epoch:13 0.5763  0.8058  0.6391  0.2122  0.4491  0.6645  0.4635  0.6799  0.6963  0.3489  0.5869  0.7653  5.4918  0.000608
epoch:14 0.5792  0.8065  0.6429  0.2138  0.4687  0.6614  0.4618  0.6794  0.6945  0.3502  0.6003  0.7584  5.2683  0.000557
epoch:15 0.5809  0.8059  0.6454  0.2215  0.4684  0.664  0.4627  0.6808  0.6965  0.3611  0.6015  0.7598  5.3029  0.000505
epoch:16 0.5819  0.8063  0.646  0.2118  0.4702  0.6664  0.4639  0.6834  0.6994  0.3531  0.6029  0.7645  5.412  0.000453
epoch:17 0.5891  0.8094  0.649  0.2254  0.4737  0.6739  0.4697  0.689  0.7044  0.3602  0.6046  0.7708  5.337  0.000402
epoch:18 0.5884  0.8094  0.65  0.2216  0.4691  0.675  0.4705  0.6902  0.7064  0.3532  0.6036  0.7752  5.3434  0.000352
epoch:19 0.573  0.7951  0.6305  0.2239  0.4726  0.6526  0.4569  0.6758  0.6918  0.3624  0.6074  0.7482  5.596  0.000304
epoch:20 0.5886  0.8079  0.6497  0.2281  0.4739  0.673  0.4685  0.6893  0.705  0.3627  0.6059  0.7707  5.2886  0.000258
epoch:21 0.5899  0.8092  0.6496  0.2253  0.4739  0.6749  0.4694  0.6909  0.7069  0.363  0.6057  0.7733  5.3446  0.000214
epoch:22 0.585  0.8048  0.6443  0.2258  0.4765  0.6669  0.4663  0.6861  0.7018  0.367  0.6093  0.7629  5.469  0.000174
epoch:23 0.5922  0.8101  0.6519  0.2282  0.4764  0.6769  0.4711  0.6919  0.7074  0.3606  0.6083  0.7738  5.0942  0.000137
epoch:24 0.5886  0.8065  0.6496  0.229  0.4786  0.6715  0.4683  0.6885  0.7045  0.3676  0.6077  0.7682  5.1667  0.000105
epoch:25 0.5949  0.8119  0.6546  0.2262  0.4776  0.6791  0.473  0.6934  0.7084  0.3637  0.6051  0.7753  5.1519  7.6e-05
epoch:26 0.5854  0.8054  0.6448  0.2324  0.4761  0.6668  0.4659  0.6866  0.7021  0.3664  0.6111  0.7639  5.2408  5.3e-05
epoch:27 0.5921  0.8078  0.6536  0.2326  0.479  0.6751  0.4713  0.6916  0.7072  0.3685  0.6089  0.7717  5.1928  3.4e-05
epoch:28 0.5921  0.8087  0.6519  0.2304  0.4734  0.6772  0.4717  0.6934  0.7088  0.3598  0.6064  0.7761  5.2385  2.1e-05
epoch:29 0.5933  0.8091  0.6528  0.2301  0.4725  0.6781  0.4724  0.6935  0.7089  0.3577  0.605  0.7766  5.0938  1.3e-05
